1181473149 
1481645195 
510480011 
1381898911 
2136089589 
5037443116 
5086330817 
5291237750 
2051525495 
5033068645 
5069683601 
945797094 
5028857720 
2068286790 
1197017259 
2024945925 
5069146934 
5004338957 
5047982150 
779922178 
112659084 
5094759849 
5054144203 
5080788019 
5039114126 
5001780747 
5093430980 
5053455187 
5061300789 
5002996419 
1498941627 
5042829984 
2069206965 
5066228022 
2140244284 
5061373066 
5058371126 
5077121357 
5052030176 
470662474 
5054855839 
5074205440 
5048643487 
5093130407 
2135704901 
2136163189 
2117069088 
5153350019 
1540568366 
767478397 
2082692754 
5086382630 
5097338424 
5093476052 
5005335807 
5039787660 
2127956248 
2041471671 
421724120 
827869807 
2121481331 
1218494981 
1183183235 
1938696558 
699650769 
1640264470 
642572943 
1010470933 
504104402 
740987380 
1473375639 
2065770991 
5005470207 
928586640 
1467201036 
1299492787 
1286031935 
1967657747 
1101624938 
643212157 
723245988 
740486928 
1287126158 
271930930 
945282307 
1743709800 
977560453 
2116479085 
2025770712 
1250757128 
587484791 
1008597654 
573774831 
1960523933 
1971990998 
1926635330 
1992093265 
1135100686 
1280162149 
992739154 
1907349931 
1372920003 
1918619739 
1994292954 
1995779394 
1480302360 
1985030047 
240267280 
1120558476 
1785291933 
1201381254 
1960364560 
1961611347 
